
esc8a
8
0
100.00
0.00
0.00
0.00
0.00
esc8a
8
0
100.00
0.00
0.00
0.00
0.00
esc8b
8
0
100.00
0.00
0.00
0.00
0.00
esc8c
8
0
13.33
0.00
25.00
6.25
2.57
esc8d
8
0
30.00
0.00
100.00
16.67
1.64
esc8e
8
0
100.00
0.00
0.00
0.00
0.00
rou10
10
0
0.00
4.95
15.90
10.86
5069.83
lipa10a
10
0
0.00
3.81
6.55
5.07
3.68
lipa10b
10
0
0.00
7.32
17.68
13.99
40.22
scr10
10
0
0.00
12.66
25.36
18.74
795.74
tai10a
10
0
0.00
10.15
20.40
14.91
3337.78
tai10b
10
0
0.00
2.92
34.71
18.39
80825.46
tai12
12
0
0.00
7.13
23.02
18.25
7444.24
chr12a
12
1
0.00
63.36
150.08
107.83
2337.72
had12
12
0
0.00
3.87
7.51
5.51
17.47
nug12
12
1
0.00
12.11
21.11
16.09
13.47
rou12
12
0
0.00
11.02
18.78
14.13
5008.21
scr12
12
0
0.00
9.80
33.24
23.17
1801.68
chr15a
15
1
0.00
110.43
273.24
190.21
3843.09
chr15b
15
1
0.00
185.66
373.62
264.16
3078.53
chr15c
15
2
0.00
144.65
257.11
209.88
2911.45
scr15
15
1
0.00
27.43
53.79
38.94
3518.11
nug15
15
1
0.00
15.48
22.43
18.61
23.99
rou15
15
1
0.00
14.00
20.92
17.90
6111.67
nug25
25
6
0.00
16.67
23.93
20.97
69.33
esc8a
8
10
100.00
0.00
0.00
0.00
0.00
esc8b
8
10
100.00
0.00
0.00
0.00
0.00
esc8c
8
17
86.67
0.00
6.25
0.00
0.74
esc8d
8
17
83.33
0.00
33.33
0.00
0.83
esc8e
8
10
100.00
0.00
0.00
0.00
0.00
rou10
10
47
0.00
3.43
10.69
6.93
3593.98
lipa10a
10
58
0.00
2.33
5.29
3.81
3.12
lipa10b
10
59
0.00
3.39
12.40
9.76
39.43
scr10
10
65
0.00
8.01
15.10
11.53
474.66
tai10a
10
64
0.00
3.87
12.91
8.59
3199.70
tai10b
10
65
0.00
1.50
19.09
8.02
45023.52
tai12
12
72
0.00
8.01
17.85
14.81
5389.42
chr12a
12
77
0.00
34.38
109.34
74.97
1542.51
had12
12
89
0.00
2.42
4.96
3.75
9.60
nug12
12
76
0.00
7.96
13.84
10.73
10.01
rou12
12
101
0.00
4.53
11.78
8.95
4749.28
scr12
12
108
0.00
8.19
21.13
14.56
1066.11
chr15a
15
137
0.00
78.86
176.74
127.83
2578.20
chr15b
15
158
0.00
106.21
227.66
174.93
2010.59
chr15c
15
129
0.00
91.33
181.00
140.18
2076.11
scr15
15
147
0.00
16.49
38.56
28.80
2756.95
nug15
15
117
0.00
10.09
18.09
14.00
24.92
rou15
15
129
0.00
12.31
16.42
14.05
4111.45
nug25
25
359
0.00
13.46
20.25
18.40
53.35