
beth
4
14
63.33
-15.38
0.00
-2.61
37.58
beth
4
12
70.00
-11.66
0.00
-0.87
21.03
beth
4
12
63.33
-15.38
0.00
-3.23
40.56
beth
4
14
76.67
-15.38
0.00
-1.99
36.59
beth
4
21
43.33
-15.38
0.00
-2.85
35.47
beth
4
24
43.33
-15.38
0.00
-4.84
42.55
beth
4
25
100.00
0.00
0.00
0.00
-nan
beth
4
24
0.00
-0.74
-0.74
-0.74
-nan
beth
4
43
100.00
0.00
0.00
0.00
-nan
beth
4
28
100.00
0.00
0.00
0.00
-nan
beth
4
40
100.00
0.00
0.00
0.00
-nan
beth
4
55
0.00
-8.93
-8.93
-8.93
-nan
beth
4
24
100.00
0.00
0.00
0.00
-nan
beth
4
11
100.00
0.00
0.00
0.00
-nan
beth
4
11
100.00
0.00
0.00
0.00
-nan
beth
4
22
100.00
0.00
0.00
0.00
-nan
beth
4
30
100.00
0.00
0.00
0.00
-nan
beth
4
30
100.00
0.00
0.00
0.00
-nan
beth
4
25
100.00
0.00
0.00
0.00
-nan
beth
4
9
100.00
0.00
0.00
0.00
-nan
beth
4
28
100.00
0.00
0.00
0.00
-nan
beth
4
30
100.00
0.00
0.00
0.00
-nan
beth
4
21
100.00
0.00
0.00
0.00
-nan
beth
4
37
100.00
0.00
0.00
0.00
-nan
beth
4
32
100.00
0.00
0.00
0.00
-nan
beth
4
15
100.00
0.00
0.00
0.00
-nan
beth
4
30
100.00
0.00
0.00
0.00
-nan
beth
4
32
100.00
0.00
0.00
0.00
-nan
beth
4
9
100.00
0.00
0.00
0.00
-nan
beth
4
16
100.00
0.00
0.00
0.00
-nan
beth
4
28
100.00
0.00
0.00
0.00
-nan
beth
4
32
100.00
0.00
0.00
0.00
-nan
beth
4
32
100.00
0.00
0.00
0.00
-nan
beth
4
31
100.00
0.00
0.00
0.00
-nan
beth
4
12
100.00
0.00
0.00
0.00
-nan
beth
4
30
100.00
0.00
0.00
0.00
-nan
beth
4
26
100.00
0.00
0.00
0.00
-nan
beth
4
9
100.00
0.00
0.00
0.00
-nan
beth
4
10
100.00
0.00
0.00
0.00
-nan
beth
4
32
100.00
0.00
0.00
0.00
-nan
beth
4
9
100.00
0.00
0.00
0.00
-nan
beth
4
31
100.00
0.00
0.00
0.00
-nan
beth
4
11
100.00
0.00
0.00
0.00
-nan
beth
4
31
100.00
0.00
0.00
0.00
-nan
beth
4
9
100.00
0.00
0.00
0.00
-nan
beth
4
12
100.00
0.00
0.00
0.00
-nan
beth
4
31
100.00
0.00
0.00
0.00
-nan
beth
4
8
100.00
0.00
0.00
0.00
-nan
beth
4
24
100.00
0.00
0.00
0.00
-nan
beth
4
12
100.00
0.00
0.00
0.00
-nan
beth
4
28
100.00
0.00
0.00
0.00
-nan
beth
4
30
100.00
0.00
0.00
0.00
-nan
beth
4
29
100.00
0.00
0.00
0.00
-nan
beth
4
25
100.00
0.00
0.00
0.00
-nan
beth
4
8
100.00
0.00
0.00
0.00
-nan
beth
4
30
100.00
0.00
0.00
0.00
-nan
beth
4
34
100.00
0.00
0.00
0.00
-nan
beth
4
8
100.00
0.00
0.00
0.00
-nan
beth
4
33
100.00
0.00
0.00
0.00
-nan
beth
4
10
100.00
0.00
0.00
0.00
-nan
beth
4
33
100.00
0.00
0.00
0.00
-nan
beth
4
33
100.00
0.00
0.00
0.00
-nan
beth
4
8
100.00
0.00
0.00
0.00
-nan
beth
4
31
100.00
0.00
0.00
0.00
-nan
beth
4
32
100.00
0.00
0.00
0.00
-nan
beth
4
32
100.00
0.00
0.00
0.00
-nan
beth
4
10
100.00
0.00
0.00
0.00
-nan
beth
4
33
100.00
0.00
0.00
0.00
-nan
beth
4
8
100.00
0.00
0.00
0.00
-nan
esc64
64
184
60.00
0.00
5.17
0.86
1.80
esc8a
8
0
100.00
0.00
0.00
0.00
0.00
esc8b
8
0
100.00
0.00
0.00
0.00
0.00
esc8c
8
0
100.00
0.00
0.00
0.00
0.00
esc8d
8
0
100.00
0.00
0.00
0.00
0.00
esc8e
8
0
100.00
0.00
0.00
0.00
0.00
rou10
10
0
100.00
0.00
0.00
0.00
0.00
lipa10a
10
0
96.67
0.00
2.11
0.00
1.86
lipa10b
10
0
100.00
0.00
0.00
0.00
0.00
scr10
10
0
40.00
0.00
7.09
2.09
508.09
tai10a
10
0
93.33
0.00
2.30
0.09
573.47
tai10b
10
0
83.33
0.00
0.28
0.05
1275.88
tai12
12
1
90.00
0.00
2.80
0.26
1771.63
chr12a
12
1
43.33
0.00
23.05
8.66
894.48
had12
12
1
33.33
0.00
0.48
0.30
3.85
nug12
12
1
83.33
0.00
1.38
0.17
2.56
rou12
12
1
90.00
0.00
1.11
0.05
478.80
scr12
12
1
90.00
0.00
4.09
0.35
344.69
chr15a
15
3
13.33
0.00
19.87
4.26
506.64
chr15b
15
3
6.67
0.00
30.04
16.95
747.97
chr15c
15
3
3.33
0.00
27.02
15.53
762.97
scr15
15
3
96.67
0.00
4.81
0.16
449.50
nug15
15
3
46.67
0.00
0.87
0.09
1.95
rou15
15
4
70.00
0.00
2.35
0.40
2536.42
nug25
25
17
46.67
0.00
0.43
0.08
4.42
esc64
64
182
76.67
0.00
1.72
0.00
0.98
esc64
64
183
86.67
0.00
3.45
0.00
1.17
beth
4
0
100.00
0.00
0.00
0.00
0.00
beth
4
0
100.00
0.00
0.00
0.00
0.00
beth
4
15
100.00
0.00
0.00
0.00
0.00
esc8a
8
41
100.00
0.00
0.00
0.00
0.00
esc8b
8
49
100.00
0.00
0.00
0.00
0.00
esc8c
8
46
100.00
0.00
0.00
0.00
0.00
esc8d
8
46
100.00
0.00
0.00
0.00
0.00
esc8e
8
48
100.00
0.00
0.00
0.00
0.00
rou10
10
112
90.00
0.00
0.96
0.10
510.18
lipa10a
10
84
100.00
0.00
0.00
0.00
0.00
lipa10b
10
85
100.00
0.00
0.00
0.00
0.00
scr10
10
116
63.33
0.00
7.56
1.46
568.65
tai10a
10
123
90.00
0.00
0.59
0.05
207.82
tai10b
10
122
83.33
0.00
0.28
0.05
1275.88
tai12
12
186
83.33
0.00
2.80
0.47
2383.46
chr12a
12
192
46.67
0.00
42.63
9.03
1168.50
had12
12
124
53.33
0.00
0.48
0.18
4.13
nug12
12
135
60.00
0.00
1.38
0.35
3.60
rou12
12
225
80.00
0.00
0.14
0.03
131.82
scr12
12
157
93.33
0.00
4.09
0.22
274.64
chr15a
15
355
10.00
0.00
31.73
5.76
700.66
chr15b
15
365
23.33
0.00
30.04
13.70
821.43
chr15c
15
375
13.33
0.00
30.28
11.91
794.40
scr15
15
317
83.33
0.00
3.86
0.64
747.33
nug15
15
281
56.67
0.00
0.17
0.00
1.34
rou15
15
404
73.33
0.00
1.56
0.32
2020.02
nug25
25
1603
43.33
0.00
0.21
0.05
2.85
esc8a
8
40
100.00
0.00
0.00
0.00
0.00
esc8b
8
45
100.00
0.00
0.00
0.00
0.00
esc8c
8
49
100.00
0.00
0.00
0.00
0.00
esc8d
8
50
100.00
0.00
0.00
0.00
0.00
esc8e
8
45
100.00
0.00
0.00
0.00
0.00
rou10
10
99
83.33
0.00
1.78
0.19
778.27
lipa10a
10
84
100.00
0.00
0.00
0.00
0.00
lipa10b
10
83
100.00
0.00
0.00
0.00
0.00
scr10
10
115
53.33
0.00
5.65
1.63
495.61
tai10a
10
119
90.00
0.00
2.30
0.11
579.76
tai10b
10
122
76.67
0.00
0.28
0.07
1448.00
tai12
12
176
90.00
0.00
3.84
0.31
2185.14
chr12a
12
180
30.00
0.00
22.36
7.41
753.84
had12
12
120
56.67
0.00
0.48
0.18
3.96
nug12
12
165
76.67
0.00
1.38
0.17
2.08
rou12
12
211
83.33
0.00
1.91
0.11
933.40
scr12
12
173
90.00
0.00
2.63
0.26
252.04
chr15a
15
389
0.00
0.40
19.10
5.11
459.42
chr15b
15
397
6.67
0.00
29.71
13.38
540.62
chr15c
15
444
20.00
0.00
33.29
11.25
776.07
scr15
15
347
80.00
0.00
4.81
0.87
908.12
nug15
15
286
70.00
0.00
0.17
0.00
1.11
rou15
15
369
53.33
0.00
2.82
0.64
2877.18
nug25
25
1299
43.33
0.00
0.48
0.08
4.51
beth
4
14
100.00
0.00
0.00
0.00
0.00
beth
4
23
100.00
0.00
0.00
0.00
0.00