esc8a    0.086    0.076      0.087     0.101    45.8098   45.8098   45.8098 45.8098  
esc8b    0.023    0.023      0.022     0.022    88.5539   88.5539   88.5539   88.5539  
esc8c    0.057    0.051      0.051     0.052    66.972    66.972    66.972    66.972    
esc8d    0.039    0.036      0.035     0.036    78.2365   78.2365   78.2365   78.2265
esc8e    0.055    0.049      0.051     0.049    67.4738   67.4738   67.4738   67.4738   
lipa10a  10.897   9.764      9.754     9.759    0  0         0         0
lipa10b  11.236   10.101    10.124     10.120  0.04164   0.04165   0.041646  0.041646
rou10    11.027   9.963      9.969     9.930   4.4516    4.4549    4.4535    4.4566
scr10    3.998    3.598      3.596     3.604   85.5134   85.4729   85.4566  85.5244
tai10a   10.980   9.856      9.878     9.887   5.3472   5.3421    5.3552    5.36836
tai10b   6.544    5.901      5.899     5.915   59.9184  60.0632   59.9286   60.0619
chr12a   0.748    0.738      0.725     0.773   99.9952  99.9952   99.995    99.9952
had12    1493.312 1348.764  1348.547   1356.414 0  0         0         0
nug12    1346.515 1217.007  1216.164   1221.196 15.8992 15.9142   15.9131   15.9133
rou12    1406.680 1275.160  1274.660   1280.909 13.425 13.4549   13.4803   13.4491
scr12    72.533     69.154    69.175   68.871  99.0412 99.0394   99.036    99.0361
tai12    1432.873 1294.053  1294.717   1301.592 10.5367 10.5816   10.548    10.5689
chr15a   15.075     15.631    15.656  13.899 99.9999 99.9999   99.9999   99.9999
chr15b   75.953     94.064    82.363 80.727  99.9997   99.9995  99.9996 99.9996
chr15c   5.533       5.347     6.721  5.726   100  100       100       100



